658
384
367
730
1426
1194
232
997
1151
840
1138
1192
1087
983
138
1355
17
119
1324
875
1350
1398
931
510
1304
526
270
964
617
1391
81
461
509
1371
471
156
712
117
485
824
1201
1450
243
775
188
1261
1154
785
1289
578
1075
587
659
417
1283
408
1131
750
1438
832
1406
708
1403
888
978
598
1213
470
716
247
353
500
988
1312
342
1193
622
637
633
1429
1326
709
1446
405
284
781
1316
808
411
651
641
675
643
446
324
774
1222
1293
49
1110
1245
974
1219
1098
1353
1449
967
992
820
111
1141
1243
213
683
722
185
231
19
788
146
422
830
7
421
435
497
252
528
1233
789
127
571
839
1161
848
918
1004
1036
803
924
320
1215
419
1278
841
907
861
1160
1057
1126
92
1137
1147
298
1417
729
97
1159
1372
1041
1101
110
428
1348
460
723
35
256
208
33
318
616
207
845
1327
25
123
1296
612
459
1125
1118
1109
903
1259
1400
873
1149
596
958
86
902
915
321
61
665
157
257
236
1084
801
757
479
1112
451
294
309
782
1265
1294
1287
1370
618
28
628
1338
362
586
1434
533
929
867
1153
355
1056
765
1310
1301
1000
279
572
1210
378
1010
726
1455
334
797
1237
153
223
466
1202
1212
465
1053
963
1168
681
176
413
182
680
1163
831
425
984
828
433
38
469
593
812
1421
671
926
927
1129
1247
745
886
1268
822
513
697
836
860
650
853
815
346
717
1097
289
450
977
1142
601
174
1058
45
286
790
542
698
1120
705
813
282
608
380
1040
142
67
1029
1070
1198
968
197
287
1240
1204
167
1080
263
68
106
1412
404
262
951
624
1399
764
1343
1114
938
341
1408
23
1375
381
423
759
1266
1457
265
398
1345
1443
895
733
662
1368
173
547
527
876
1253
400
308
366
794
1275
518
642
1396
1158
1139
46
833
1422
1328
244
1145
1015
1007
1332
567
1128
914
1423
372
1063
135
1349
1431
29
407
10
1249
211
360
1069
1439
416
583
1100
57
319
933
625
215
72
943
1185
1068
22
767
1225
692
999
328
783
104
1425
899
738
43
646
1447
6
1344
1003
1272
1392
589
93
724
343
1048
766
458
763
667
956
1380
746
187
1195
721
605
823
349
969
849
994
881
85
1051
55
543
564
771
212
1314
829
221
1262
1292
577
562
30
1107
756
235
1318
674
922
742
1037
499
1001
53
736
987
121
13
147
851
214
986
761
1008
795
1165
291
550
1284
913
490
376
62
1246
327
273
669
555
103
760
1009
666
505
654
939
280
893
1303
1386
1361
995
1330
976
297
702
545
317
455
946
1220
108
755
1211
599
482
1152
9
18
285
44
942
454
507
183
480
1395
996
935
885
807
116
492
1459
814
838
597
670
1415
928
880
277
949
278
165
1452
1456
1250
141
846
1026
241
619
1256
980
1251
1405
410
1362
954
972
1183
41
1441
1407
932
489
1448
905
1320
69
1445
1102
1077
1223
302
710
663
364
1045
130
432
1136
1006
502
379
1020
1385
852
60
1216
276
516
1115
1197
483
530
82
1227
486
218
274
1321
312
200
570
531
311
330
1074
657
772
676
31
143
34
139
819
566
678
556
754
1342
418
1189
118
246
696
648
1389
584
303
24
523
1135
437
393
109
1248
1322
989
373
959
879
786
711
910
1105
1093
908
1044
335
950
1180
238
799
37
668
1279
1264
901
131
1465
1299
1164
1016
1191
1462
1064
835
1099
230
1209
1226
563
77
575
561
115
251
576
603
859
769
340
54
202
590
462
1117
955
768
1155
290
1116
1031
777
14
787
374
889
192
529
1286
1437
222
305
737
56
484
647
811
427
2
1067
1280
283
80
1282
1351
467
1156
684
1005
1300
1186
11
1463
1050
329
260
607
128
941
1290
20
1397
1090
1178
1274
1106
272
660
498
1231
574
719
1011
990
444
184
538
634
753
645
491
66
744
332
1028
79
871
818
1451
304
310
1119
1383
194
406
630
365
1207
557
664
857
1424
1228
250
478
395
113
1298
1172
1121
91
749
196
107
982
898
739
160
175
1409
677
655
259
1027
1356
150
78
1379
389
725
171
891
1276
1281
402
541
275
728
1414
99
635
42
216
975
1333
1060
1052
1387
1127
209
686
1205
855
439
120
780
713
1034
544
1021
604
1019
1453
565
1346
51
1103
874
1148
731
426
59
1022
673
347
579
1436
549
519
900
1144
688
629
414
727
172
866
1150
611
1035
1309
219
105
1442
52
204
239
1258
481
1203
32
434
1428
1377
415
1236
1113
796
190
1419
805
1182
1433
1420
1206
920
449
525
132
615
1297
87
715
869
205
1363
1177
199
1263
396
827
409
568
522
892
438
233
734
133
100
307
695
834
351
300
940
178
1242
1043
809
1187
559
1313
858
195
338
189
357
758
456
843
242
909
397
74
1146
865
224
50
390
1166
706
463
447
552
1072
720
1
101
540
887
401
368
1239
569
75
1196
850
293
1402
537
122
151
1047
95
161
4
226
166
591
704
58
1394
65
1059
40
169
140
1418
1094
798
198
348
420
961
588
424
1174
1334
369
503
337
375
1260
314
613
